50
0,0,27,193,20,63,38,63,37,65,145,191,22,191,10,63,254,62,241,62,250,190,181,71,112,113,0
1,27,193,17,63,230,62,40,65,130,191,42,191,7,63,2,63,235,62,255,190,181,71,112,113,0,2
28,194,44,193,44,193,99,65,39,65,0,193,18,63,4,63,2,63,194,190,181,71,112,113,0,3,198
64,155,64,184,64,205,64,254,192,150,63,250,62,3,63,14,63,221,190,181,71,112,113,0,4,233,64
168,62,208,191,10,193,77,193,0,192,211,62,228,62,25,63,5,191,181,71,112,113,0,5,178,192,37
192,9,192,145,63,37,64,72,192,228,62,198,62,26,63,8,191,181,71,112,113,0,6,252,192,16,192
76,190,11,65,136,64,90,192,252,62,209,62,21,63,254,190,181,71,112,113,0,7,40,193,97,190,35
60,64,65,52,63,140,191,0,63,225,62,18,63,243,190,181,71,112,113,0,8,55,193,153,190,53,191
68,65,32,189,200,191,5,63,231,62,15,63,234,190,181,71,112,113,0,9,19,193,199,62,245,60,48
65,220,190,165,191,9,63,229,62,13,63,232,190,181,71,112,113,0,10,28,193,35,189,245,60,39,65
22,191,165,191,11,63,227,62,12,63,230,190,181,71,112,113,0,11,24,193,215,190,76,62,33,65,241
189,145,191,13,63,221,62,12,63,231,190,181,71,112,113,0,12,234,192,81,63,174,63,44,65,241,61
113,190,17,63,217,62,9,63,232,190,181,71,112,113,0,13,81,193,125,191,53,191,45,65,32,191,230
191,17,63,221,62,15,63,215,190,181,71,112,113,0,14,147,193,161,191,230,191,126,65,241,189,10,192
12,63,212,62,20,63,222,190,181,71,112,113,0,15,29,66,37,64,49,192,201,193,235,192,67,192,41
63,146,62,210,62,14,191,181,71,112,113,0,16,31,193,15,62,194,62,42,65,62,191,62,191,26,63
215,62,9,63,210,190,181,71,112,113,0,17,27,193,20,63,5,63,37,65,150,191,12,191,23,63,227
62,5,63,218,190,181,71,112,113,0,18,29,193,30,63,250,62,40,65,140,191,72,191,18,63,239,62
0,63,231,190,181,71,112,113,0,19,23,193,48,63,7,63,35,65,170,191,42,191,14,63,246,62,248
62,241,190,181,71,112,113,0,20,28,194,30,193,202,192,226,65,8,193,18,193,29,63,226,62,16,63
168,190,181,71,112,113,0,21,184,65,113,64,117,189,163,193,213,192,165,192,44,63,160,62,210,62,6
191,181,71,112,113,0,22,165,193,192,191,245,189,129,65,22,192,155,191,32,63,210,62,5,63,209,190
181,71,112,113,0,23,7,193,94,63,25,64,249,64,220,191,72,63,44,63,204,62,231,62,219,190,181
71,112,113,0,24,24,193,0,64,77,64,51,65,25,192,225,63,43,63,207,62,228,62,223,190,181,71
112,113,0,25,13,193,152,63,51,64,25,65,7,192,200,63,43,63,203,62,227,62,227,190,181,71,112
113,0,26,18,193,110,63,48,64,30,65,241,191,220,63,42,63,201,62,228,62,230,190,181,71,112,113
0,27,11,193,170,63,77,64,27,65,251,191,2,64,44,63,193,62,228,62,229,190,181,71,112,113,0
28,24,193,129,63,128,64,28,65,210,191,7,64,48,63,182,62,227,62,228,190,181,71,112,113,0,29
138,192,1,64,209,64,189,64,7,192,153,64,58,63,133,62,193,62,3,191,181,71,112,113,0,30,216
192,52,192,241,64,230,64,42,63,194,64,65,63,40,62,157,62,13,191,181,71,112,113,0,31,194,192
50,64,242,64,237,64,47,192,189,64,75,63,29,62,84,62,12,191,181,71,112,113,0,32,5,193,122
64,236,64,13,65,235,191,171,64,88,63,120,62,81,62,218,190,181,71,112,113,0,33,15,193,63,64
160,64,23,65,92,192,125,64,75,63,174,62,185,62,176,190,181,71,112,113,0,34,19,193,92,63,125
63,50,65,37,192,230,63,42,63,204,62,12,63,158,190,181,71,112,113,0,35,62,193,143,61,230,62
75,65,82,191,62,63,12,63,190,62,41,63,177,190,181,71,112,113,0,36,235,192,128,191,37,64,42
65,62,191,22,63,44,63,132,62,6,63,229,190,181,71,112,113,0,37,200,192,74,191,204,64,233,64
72,62,125,64,65,63,57,62,189,62,3,191,181,71,112,113,0,38,196,192,76,190,10,65,237,64,92
191,185,64,66,63,23,62,142,62,17,191,181,71,112,113,0,39,192,192,154,191,10,65,212,64,180,62
242,64,59,63,219,61,134,62,30,191,181,71,112,113,0,40,152,192,28,192,5,65,183,64,251,63,232
64,49,63,146,61,140,62,41,191,181,71,112,113,0,41,133,192,42,192,2,65,154,64,5,64,232,64
45,63,109,61,144,62,45,191,181,71,112,113,0,42,149,192,86,192,4,65,161,64,15,64,242,64,45
63,89,61,148,62,44,191,181,71,112,113,0,43,143,192,46,192,0,65,161,64,2,64,233,64,46,63
96,61,149,62,42,191,181,71,112,113,0,44,155,192,56,192,4,65,173,64,5,64,234,64,47,63,109
61,153,62,40,191,181,71,112,113,0,45,173,192,95,192,1,65,185,64,27,64,239,64,47,63,121,61
157,62,40,191,181,71,112,113,0,46,158,192,58,192,255,64,183,64,32,64,235,64,48,63,119,61,157
62,39,191,181,71,112,113,0,47,154,192,58,192,0,65,178,64,15,64,229,64,47,63,113,61,159,62
40,191,181,71,112,113,0,48,144,192,84,192,250,64,179,64,37,64,218,64,46,63,94,61,160,62,40
191,181,71,112,113,0,49,2,193,240,63,166,64,10,65,62,192,118,64,67,63,166,62,187,62,214,190
181,71,112,113,###,###,###,###,###,###,###,###,###,###,###,###,###,###,###,###,###,###,###,###,###,###,###
###,###,###,###,###,###,###,###,###,###,###,###,###,###,###,###,###,###,###,###,###,###,###,###,###,###,###
